Satisfiability Result: True
Clause: [-19, -5, 16, -8, -14, -12, -4, 7, 17, 10]
Clause: [2, 12, 3, -4, 9, 13, 19]
Clause: [-3, 8, -5, -6, 20]
Clause: [-12, -15, -14, 3, -11, -5, -6, -16]
Clause: [-8, -20, -19, -4, -7, 17, 14, -11, 18]
Clause: [4, -13, 17, 15, 11, -2, 7, 18]
Clause: [-19, -8, -11, 1, -10, 12]
Clause: [14, -2, -1, -6, 8, 3]
Clause: [-17, -3, 6]
Clause: [15, 5, -4, -18, 2, -9, -7, 17, 11, 13]
Clause: [-9, 17, 14, 7, 11]
Clause: [-7, 11, 16, 15, 2, 1, 10]
Clause: [-18, 4, -10, 2, -13, -11]
Clause: [20, 9, 18, -5, 16, 3]
Clause: [-11, 13, -9, -7, 2]
Clause: [-14, -12, 6, -10, 8, 19, 2, 1, 4, -3]
Clause: [-3, 13, 20]
Clause: [-2, 14, 5, -7, -1, -11, -8]
Clause: [12, -13, -20, 17, -4, 1, -16]
Clause: [1, 10, 9, 12, 13, -19, -2, 17, -3]
Clause: [19, 15, 16, 14]
Clause: [9, -10, -17, 8, -4, 11, 19, 18, 5]
Clause: [-3, 10, 4, 13, -17, -12, 7, -14, -16, 6]
Clause: [-8, -9, -3, -2, 12, 13, -20]
Clause: [12, -19, -13]
Clause: [18, -20, -19, -13, 1, -5, 8]
Clause: [-12, -10, 15, -2, -18, 7, -4, -1]
Clause: [20, -5, 14, 4, 13, 2, 6, -7]
Clause: [3, -8, 16, 9, -7, -10, 19]
Clause: [9, 3, 19, 16, 14, -15, 20, -5]
Clause: [-8, -11, -18, 14, 4, 16, -12, -1, -6]
Clause: [11, -1, 2, -19, 15, 16, 18, 13, 14]
Clause: [-9, 10, -6, 14, -15, 5]
Clause: [9, 12, 8, 2, 15, -6, -3, -14, 18, -5]
Clause: [-9, -15, -5]
Clause: [-12, -9, 16, -10, 2, 18]
Clause: [4, -20, -14, -6, -17, -13, 1]
Clause: [-12, 15, -10, -5, -19, 11]
Clause: [18, 14, 19, -5]
Clause: [-15, -4, 10]
Clause: [7, -19, 12, -17, -2, 10, 9, -8, -5]
Clause: [18, 5, 9, -6, 14, 20, 10, 8, 13]
Clause: [3, 15, -17, -7, -16, 9, 2, -19, 11]
Clause: [-4, 10, -17]
Clause: [-3, -2, -16, 17]
Clause: [-2, -14, -19]
Clause: [-4, 5, 18, -3, 12, -11, -15]
Clause: [3, 4, -8, -15, 2, 19, -5, -1, -11]
Clause: [2, -18, -14, 1, 4, 12, -15, 6, -16, 8]
Clause: [-8, -2, -6, -9, 15, -18, 1, -12, -4, 7]
